fx:610.372 fy:611.075 cx:611.075 cy:238.664
